9 classes

0.362680045315 0.346168365421
Confusion matrix
[[259   4   8  34   1 108   5  23  11]
 [ 13  15  25  75  28 175  42   3  86]
 [ 23   4 125 102  10 186  22  20 102]
 [ 14   3  16 263  43 138  20   3  40]
 [ 11   3   4 184 194 123  41   0  13]
 [ 25   2  25  58  15 386  12  27  19]
 [ 29   1  27 103  79 179 268  31 100]
 [ 99   1   6  73  13 207  26 141  64]
 [ 38   1  53 137  12 159  53  24 183]]
0.413580574569
0.349749988875
0.378996487974


8 classes
0.444187765663 0.408796895213
Confusion matrix
[[306  20  11   9   2  27   5  73]
 [ 39 158  25  19  27  71  79  44]
 [ 68  72 130  40  18  90  88  88]
 [ 25  59  16 119  73  87  67  94]
 [ 23  34   2  63 200  37 150  64]
 [ 45  68  12  20  28 197  43 156]
 [ 38  34  16  25  50  57 444 153]
 [121  16   6  20  12  46  67 342]]
0.424350972365
0.404785499493
0.414337388691

7 classes

0.431657754011 0.406686626747
Confusion matrix
[[230 127  23  10  12  15  36]
 [  2 364  23   4  20   7  42]
 [  7 253 193  27  20  17  77]
 [  8 250  43  58 124  17  40]
 [  7 168  14  16 245   9 114]
 [ 29 239  46  28  39  98  90]
 [ 22 189  37  19  79  29 442]]
0.477259374734
0.409819731208
0.440976024257


6 classes

0.499664023653 0.467565026637
Confusion matrix
[[227  25  34  10  59  98]
 [  8 125  95   7 127 100]
 [ 10  63 311  10 120  80]
 [  7  40  59  54 304  76]
 [  2  13  16   4 496  42]
 [ 15  39  78  15 143 279]]
0.52143420056
0.458531502049
0.487964030916
